# FPL Season 1
#
# EU
3418012715
3418110526
3418180991
3418257901
3418319665
3418339417
3418397908
3418399887
3418453084
3418459948
3418518490
3418519410
3418573101
3420180124
3420316650
3420447837
3420539296
3420611104
3420731854
3420676947
3420750666
3420790062
3420827454
3420834295
3420948675
3421003659
3422033684
3422140630
3422258558
3422375082
3422488900
3422583861
3422666481
3422701909
3422701909
3422820243
3422906256
3422936254
3422980000
3423015937
3422701909
3423087955
3423102733
3423129059
3423142426
3423174965
3423182467
3423220186
3423929812
3424017589
3424128777
3424214340
3424262851
3424393144
3424508578
3424591142
3423129059
3424770399
3424850324
3424887305
3424903845
3424933145
3424960877
3424973697
3425020915
3425063192
3425099203
3425852212
3425979536
3426095313
3426098936
3426199125
3426296361
3426363352
3426385024
3426464990
3426551871
3426556062
3426618400
3426663351
3426706640
3426720539
3426755217
3426766609
3426789313
3426803955
3426829712
3426848238
3426888838
3427643925
3427766402
3427770228
3427880979
3428023898
3428120052
3428220676
3428314679
3428326424
3428381262
3428400785
3428426619
3428471882
3428501912
3428518299
3428536499
3428590764
3428628585
3429424991
3429550036
3429671128
3429700563
3429802702
3429839041
3429932959
3430321673
3430346262
3430386625
3431616420
3431727161
3431843645
3431928069
3432035433
3432112868
3432179630
3432243984
3432303247
3432319826
3432390151
3432399327
3432443289
3432484154
3432536293
3433981170
3434092179
3434221976
3434326064
3434363189
3434395716
3434481816
3434549343
3434557166
3434599964
3434658779
3434729006
3434773406
3434820451
3436123734
3436248336
3436359985
3436458874
3436572334
3436646090
3436739593
3436900969
3436950104
3437000185
3437049473
3438233098
3438327046
3438443735
3438669681
3438713645
3438757209
3438762633
3438788984
3438792929
3438821932
3438833962
3438867129
3438893431
3439999067
3440136623
3440338750
3440414439
3440470891
3440534380
3440575574
3440581825
3440610840
3440633281
3440652356
3441717523
3446034888
3444246996
3444212794
3444159419
3444118279
3444050181
3443975613
3443770577
3443668161
3443573935
3442493507
3442455106
3442424994
3442365347
3442313915
3442238293
3442133970
3442043717
3441942209
3441882322
3452181217
3451696434
3451599442
3450696548
3450652850
3450596757
3449871933
3449756055
3448576403
3448528569
3448483216
3448414988
3448352318
3448312614
3448215503
3448135676
3446272988
3446210735
3446166775
3446103461
3452295410
3452363654
3452422386
3452465464
3452500322
3452528974
3453355075
3453482999
3453581546
3453969629
3454020576
3454091598
3454137282
3454188208
3454227589
3454244975
3454278891
3455638151
3455715551
3455811404
3455869009
3455916410
3455957020
3462210868
3462156080
3461783077
3461435655
3461253834
3459856027
3459815354
3459739509
3459617962
3457940000
3457881845
3457843615
3457797431
3457730582
3457640886
3457553804
3457485247
3457337002
3457064244
3456008522
3469893428
3469855327
3469818544
3469762060
3469712245
3469646456
3468144475
3468109834
3468058755
3468008919
3467934154
3466200260
3466153682
3466080927
3465984456
3465442198
3464382141
3464354562
3464273039
3464127218
3471516183
3471564148
3471604621
3471651752
3471696322
3473415658
3473467611
3473515064
3473534651
3473580431
#
#
# NA
#
3418262401
3418355366
3418411790
3418467672
3418478985
3418523791
3418537303
3418581881
3418637052
3418644341
3418679986
3418740279
3418790269
3418828365
3418868700
3418923481
3418941085
3419022271
3419123880
3419183380
3419189813
3419278938
3420707776
3420773422
3420831707
3420879736
3420925755
3420933525
3420975543
3420976214
3421050765
3421077655
3421078999
3421130988
3421108907
3421164534
3421212883
3421249325
3421279791
3421355370
3421356879
3421434525
3421509778
3421462783
3421617157
3421660357
3421803547
3422935607
3423010638
3423015693
3423062606
3423076529
3423101624
3423120367
3423135602
3423158189
3423179137
3423194837
3423199918
3423217424
3423242282
3423514771
3423246353
3423260531
3423278033
3423289071
3423314927
3423330048
3423341186
3423369799
3423395344
3423421326
3423459401
3423471712
3423514771
3423520357
3423571287
3423577296
3423627390
3423639473
3423697453
3423742078
3423800911
3423826512
3423903844
3424794204
3424864316
3424924567
3424964817
3425006960
3425060104
3425096709
3425143074
3425143095
3425193541
3425200931
3425248252
3425246052
3425258861
3427177044
3425308121
3425353877
3425359726
3425359704
3425409311
3425413533
3425464680
3425466970
3425542176
3425569576
3425654551
3425750625
3425817481
3425909570
3426031517
3426800839
3426836277
3426860578
3425750625
3426901089
3426918786
3426949012
3426989226
3426975499
3427031437
3427043847
3427081482
3426789313
3427113820
3427130051
3427156741
3427211109
3427245237
3427304288
3427270449
3427333185
3427389630
3427440739
3427563405
3428586695
3428518299
3428601308
3428634326
3428642050
3428229571
3428691492
3428724147
3428727167
3428740424
3428772246
3428772244
3428827028
3428842986
3428874932
3428891649
3428930039
3428989423
3429007673
3429039313
3429051681
3429099290
3429186863
3429256080
3428302772
3430401200
3430441703
3430478607
3430510045
3430525005
3430554552
3430544048
3430567366
3430585973
3430640651
3430643480
3430687983
3430687892
3430720550
3430687983
3430757451
3430822227
3430778330
3430853619
3430912190
3430900680
3431020573
3431025060
3431117233
3431126124
3431230589
3432253781
3432370330
3432428721
3432468458
3432477556
3432507025
3432513259
3432553967
3432561036
3432699963
3432606830
3432769155
3432699345
3432779707
3432853698
3432839864
3432934683
3433002096
3433091240
3433220744
3433294598
3433387376
3433469837
3434675740
3434678362
3434499598
3434800761
3434806869
3434845950
3434866844
3434900150
3434757768
3434996551
3434931121
3435193544
3435084194
3435092717
3435176913
3435284220
3435364181
3435439716
3435356372
3435470482
3435626994
3435748197
3435890094
3436957167
3437002959
3437046455
3437082647
3437107740
3437146717
3437170263
3437154350
3437193157
3437230549
3437270556
3437268031
3437330275
3437337771
3437389925
3437528484
3437452781
3437610739
3437689951
3437775728
3438723859
3439064908
3439062678
3438996859
3438977737
3438934375
3438933548
3438887927
3438863848
3438831687
3438803698
3438768211
3440864172
3440841730
3440826232
3440807365
3440771578
3440756844
3440724846
3440687162
3440637217
3440591837
3440551112
3439564864
3439454624
3439381949
3439367030
3439276137
3439249976
3439179127
3439118589
3439103027
3442707072
3442689055
3442650207
3442618271
3442598048
3442551466
3442547982
3442522120
3442486989
3442451240
3442396764
3441335710
3441223207
3441176119
3441133010
3441080632
3441080029
3441005155
3440956768
3440906533
3444725326
3444669607
3444646073
3444587384
3444575943
3444514959
3444479807
3444472681
3444404798
3444360602
3444257883
3443124555
3443034440
3442890861
3442869176
3442838524
3442785612
3442785374
3442737756
3446680490
3446639345
3446616035
3446580972
3446553162
3446508576
3446485741
3446418881
3446412335
3446350059
3446330763
3446294430
3446258385
3446213411
3446172747
3446108527
3445019634
3444902203
3444815433
3444756530
3449104494
3449101924
3448995134
3448982935
3448915187
3448895011
3448831474
3448816086
3448745493
3448732005
3448660374
3448649872
3448625748
3448568198
3448526876
3448406950
3448342613
3446827189
3446771309
3446740115
3451108912
3451034000
3451011614
3450962516
3450952738
3450911173
3450868737
3450868004
3450818164
3450816774
3450764878
3450740128
3450719822
3450681180
3450640800
3450586307
3449456106
3449375935
3449292182
3449205708
3453033930
3452952751
3452901220
3452884216
3452813051
3452760434
3452747913
3452685604
3452663764
3452614016
3452613086
3452547813
3452520568
3452481732
3452442322
3452410463
3451251976
3451158611
3451156724
3454354590
3454403603
3454451529
3454479479
3454484858
3454537076
3454541538
3454603296
3454672705
3454754799
3454843596
3456152438
3456207520
3456370178
3456462442
3456535417
3456534805
3456599570
3456650931
3456682046
3456744766
3456084625
3458072214
3458124177
3458216092
3458272685
3458276651
3458354250
3458361725
3458426361
3458501286
3458519232
3458584425
3458633635
3458749968
3460051594
3460125130
3460196434
3460268624
3460345134
3460419584
3460430450
3460495808
3460595437
3460764115
3460875451
3462311592
3462380866
3462463492
3462530921
3462594469
3462608885
3462693300
3462696782
3462811629
3462847637
3462897399
3462990851
3463070670
3463180452
3464896386
3464835382
3464763585
3464758196
3464691354
3464614306
3464567762
3464503089
3464461122
3464407325
3464299921
3464967064
3465041322
3466152643
3466436053
3466195542
3466240498
3466275133
3466327798
3466367688
3466486638
3466436053
3466552169
3466617821
3466630533
3466710290
3466705816
3466779150
3466524807
3468150129
3468250444
3468289782
3468356791
3468374790
3468333155
3468405264
3468428460
3468450458
3468522461
3468486650
3468536992
3468583019
3468640003
3468706522
3468781942
3468857724
3468857724
3469946524
3469978850
3470018316
3470065334
3470070751
3470122777
3470137817
3470170004
3470231301
3470238099
3470274680
3470305231
3470359218
3470393980
3470421544
3470464713
3470484856
3470609754
3471658001
3471706472
3471755239
3471826732
3471870648
3471925577
3471998943
3472077484
3472142030
3472200481
3472300243
3472374271
3473626331
3473731285
3473786368
3473823983
3473853477
3473890475
3473917749
3473978757
3474028570
3474063122
3474116429
3474204419
3474338156
3474447737
3474540847
3474624310
3475693754
3475749648
3475756015
3475801080
3475809386
3475852071
3475905122
3475950542
3476045554
3476170366
