3545941611
3545886640
3545841815
3545815419
3545797195
3545751397
3545705190
3545672840
3545651392
3545635720
3545617208
3545596298
3545541870
3545494110
3545470301
3545445630
3545379136
3545344774
3545287487
3545248900
3545210766
3545175001
3545084463
3545025063
3544988767
3544952146
3544849736
3544750591
3544639946
3544584299
3544539455
3544486388
3544448838
3544340153
3544254624
3544208278
3544142918
3544067673
3544001183
3543919641
3543852386
3543817982
3543780813
3543741687
3543670964
3543628894
3543597407
3543538905
3543482276
3543425443
3543401106
3543362490
3543322461
3543287164
3543263712
3543204080
3543177581
3543113064
3543079753
3543049320
3542971681
3542894549
3542801107
3542664000
3542571811
3542525688
3542414031
3542305519
3542191261
3542124263
3542021307
3541912040
3541869782
3541776626
3541724559
3541630418
3541493601
3541411354
3541358009
3541290817
3541234971
3541211389
3541160860
3541139060
3541108740
3541043072
3541023876
3541002324
3540967704
3540947523
3540929292
3540901236
3540873720
3540850852
3540826700
3540800051
3540767139
3540737729
3540683798
3540613809
3540574023
3540503731
3540471073
3540369209
3540344209
3540265017
3540148633
3540032704
3539956716
3539902619
3539816335
3539763380
3539722480
3539680968
3539592546
3539552861
3539515593
3539480423
3539439090
3539395366
3539329669
3539302495
3539245086
3539212668
3539151670
3539108328
3539063224
3539037686
3538994933
3538944209
3538914209
3538864577
3538842360
3538823551
3538793637
3538776896
3538744418
3538721338
3538700670
3538664243
3538642292
3538581712
3538531502
3538483293
3538434228
3538410812
3538345532
3538277966
3538210366
3538047611
3537935122
3537863231
3537793334
3537680207
3537636218
3537560076
3537513769
3537465936
3537396552
3537344285
3537304234
3537263729
3537224672
3537191340
3537160312
3537131598
3537099402
3537046726
3537014274
3536975582
3536932191
3536882841
3536815761
3536782522
3536758261
3536695480
3536639873
3536621265
3536599665
3536576605
3536560183
3536542077
3536514775
3536431854
3536379209
3536368711
3536294209
3536261704
3536185231
3536084074
3535997189
3535849509
3535732693
3535605961
3535476151
3535355594
3535275930
3535225341
3535144905
3535041879
3534948997
3534887366
3534842368
3534809844
3534771601
3534703327
3534632249
3534572506
3534526344
3534475795
3534437077
3534417380
3534379209
3534371238
3534353212
3534333746
3534313658
3534298530
3534280433
3534259209
3534256862
3534220413
3534186325
3534144354
3534106542
3534084105
3534056190
3533995617
3533952360
3533875536
3533802510
3533746676
3533679714
3533587255
3533510509
3533409478
3533344993
3533277183
3533194629
3533116443
3533028187
3532953089
3532907983
3532860794
3532809580
3532739906
3532719714
3532683915
3532622953
3532571193
3532527381
3532515257
3532482670
3532445096
3532409180
3532345345
3532293623
3532228279
3532160395
3532101073
3532012426
3531912441
3531847609
3531777991
3531688112
3531588773
3531495796
3531444547
3531412829
3531317496
3531274033
3531212714
3531185380
3531122484
3531054200
3530997235
3530951542
3530896329
